function O = generateHexSym()
O = zeros(3,3,12);

O(1,1,1)=1.0;
O(1,2,1)=0.0;
O(1,3,1)=0.0;
O(2,1,1)=0.0;
O(2,2,1)=1.0;
O(2,3,1)=0.0;
O(3,1,1)=0.0;
O(3,2,1)=0.0;
O(3,3,1)=1.0;
% !     2      
O(1,1,2)=-0.5;
O(1,2,2)=sqrt(3.0)*0.5;
O(1,3,2)=0.0;
O(2,1,2)=-sqrt(3.0)*0.5;
O(2,2,2)=-0.5;
O(2,3,2)=0.0;
O(3,1,2)=0.0;
O(3,2,2)=0.0;
O(3,3,2)=1.0;
% !     3      
O(1,1,3)=-0.5;
O(1,2,3)=-sqrt(3.0)*0.5;
O(1,3,3)=0.0;
O(2,1,3)=sqrt(3.0)*0.5;
O(2,2,3)=-0.5;
O(2,3,3)=0.0;
O(3,1,3)=0.0;
O(3,2,3)=0.0;
O(3,3,3)=1.0;
% !     4      
O(1,1,4)=0.5;
O(1,2,4)=sqrt(3.0)*0.5;
O(1,3,4)=0.0;
O(2,1,4)=-sqrt(3.0)*0.5;
O(2,2,4)=0.5;
O(2,3,4)=0.0;
O(3,1,4)=0.0;
O(3,2,4)=0.0;
O(3,3,4)=1.0;
% !     5      
O(1,1,5)=-1.0;
O(1,2,5)=0.0;
O(1,3,5)=0.0;
O(2,1,5)=0.0;
O(2,2,5)=-1.0;
O(2,3,5)=0.0;
O(3,1,5)=0.0;
O(3,2,5)=0.0;
O(3,3,5)=1.0;
% !     6      
O(1,1,6)=0.5;
O(1,2,6)=-sqrt(3.0)*0.5;
O(1,3,6)=0.0;
O(2,1,6)=sqrt(3.0)*0.5;
O(2,2,6)=0.5;
O(2,3,6)=0.0;
O(3,1,6)=0.0;
O(3,2,6)=0.0;
O(3,3,6)=1.0;
% !     7      
O(1,1,7)=-0.5;
O(1,2,7)=-sqrt(3.0)*0.5;
O(1,3,7)=0.0;
O(2,1,7)=-sqrt(3.0)*0.5;
O(2,2,7)=0.5;
O(2,3,7)=0.0;
O(3,1,7)=0.0;
O(3,2,7)=0.0;
O(3,3,7)=-1.0;
% !     8      
O(1,1,8)=1.0;
O(1,2,8)=0.0;
O(1,3,8)=0.0;
O(2,1,8)=0.0;
O(2,2,8)=-1.0;
O(2,3,8)=0.0;
O(3,1,8)=0.0;
O(3,2,8)=0.0;
O(3,3,8)=-1.0;
% !     9      
O(1,1,9)=-0.5;
O(1,2,9)=sqrt(3.0)*0.5;
O(1,3,9)=0.0;
O(2,1,9)=sqrt(3.0)*0.5;
O(2,2,9)=0.5;
O(2,3,9)=0.0;
O(3,1,9)=0.0;
O(3,2,9)=0.0;
O(3,3,9)=-1.0;
% !     10      
O(1,1,10)=0.5;
O(1,2,10)=sqrt(3.0)*0.5;
O(1,3,10)=0.0;
O(2,1,10)=sqrt(3.0)*0.5;
O(2,2,10)=-0.5;
O(2,3,10)=0.0;
O(3,1,10)=0.0;
O(3,2,10)=0.0;
O(3,3,10)=-1.0;
% !     11      
O(1,1,11)=-1.0;
O(1,2,11)=0.0;
O(1,3,11)=0.0;
O(2,1,11)=0.0;
O(2,2,11)=1.0;
O(2,3,11)=0.0;
O(3,1,11)=0.0;
O(3,2,11)=0.0;
O(3,3,11)=-1.0;
% !     12      
O(1,1,12)=0.5;
O(1,2,12)=-sqrt(3.0)*0.5;
O(1,3,12)=0.0;
O(2,1,12)=-sqrt(3.0)*0.5;
O(2,2,12)=-0.5;
O(2,3,12)=0.0;
O(3,1,12)=0.0;
O(3,2,12)=0.0;
O(3,3,12)=-1.0;
end
